52448
22683
61381
48523
5876
10761
36582
54190
46395
64792
18376
43752
34152
41089
33665
47630
11405
52870
61796
35038
9305
63191
15872
39850
54272
27899
54510
2055
5993
5454
36262
29332
47458
30656
42411
32129
43372
26315
44704
24281
43338
53081
36006
19367
62001
29584
27576
9092
56181
13031
51542
46502
58696
34296
40229
40721
3911
12350
3975
4000
1399
5560
31397
19236
13244
6770
4446
62317
4512
63120
4684
43452
9008
48834
62336
24618
318
20321
14515
26670
53451
56344
24732
28974
36820
12049
29287
60052
33399
62865
37106
42772
26597
11459
43475
58522
22444
62648
57748
37862
46925
57654
0
40633
27268
13429
34421
6567
38938
12134
43485
35153
19915
63946
31106
20675
16953
17071
38646
51515
34831
5097
2145
39459
27545
57628
37319
31677
61676
22858
18833
22239
38292
12444
42254
35320
33536
64426
20734
15849
18370
22078
54480
1598
19017
14647
13131
19984
24966
26312
42227
14311
37872
50510
50793
59714
48382
63530
31386
44171
27051
24451
38199
48108
22296
17331
41136
57288
45112
29665
43833
45522
4609
12554
39745
19692
62894
19352
46263
24544
61494
53839
32923
2097
6548
18821
28359
63651
22487
53724
16983
20319
32263
59988
35340
6014
34577
4755
11186
56325
24154
50196
62008
27871
58314
19389
24040
9119
15598
36242
58263
39903
14793
47557
48754
7247
5959
18888
22320
26668
19483
5499
40542
36623
13450
4147
5448
43310
22383
58253
23835
31354
61409
36584
11589
21927
17553
54891
27755
35721
54660
20395
43340
24925
21344
27853
26220
15350
50788
64885
4888
5254
63443
12158
22997
47121
39840
25619
50908
64246
31723
61753
3029
18493
61524
42976
8239
34655
47781
15265
45640
40044
19822
16317
17496
3345
61781
42170
37912
571
61581
36800
44155
49426
13805
8284
4364
16538
52243
40783
39293
2423
39462
33163
52573
36377
11261
18831
19092
32858
25741
18356
8382
55609
40994
29539
9958
46554
4567
33829
29638
25715
27108
18023
2475
60151
539
7258
59884
35267
45191
11426
34734
46397
52932
60902
37223
21481
11432
19658
21546
47502
18269
24850
21944
32184
53388
37744
57940
29311
64643
51071
7353
21018
12359
59747
20
17691
4523
31844
51549
55721
4590
5139
28106
64766
51074
7211
23177
48384
39764
57561
26122
10004
53780
20884
65463
17701
2054
43104
40892
43124
5887
42655
51273
60849
44938
60312
37902
23849
57699
32727
34227
3727
26889
51181
47373
32989
62035
59596
37864
15749
1782
17578
61687
8618
5619
8403
32443
10708
47702
1992
42368
58267
3729
59224
58897
56992
43696
54411
58781
59795
47192
24411
38421
35587
62686
21165
25505
52906
16760
481
33761
10460
36910
260
24751
14646
13274
32631
16943
40401
20128
58057
27092
46854
54972
41224
36119
15387
18981
27407
19014
16531
8138
12461
48875
56058
38450
26103
48548
63273
1181
45878
23471
6400
64003
9142
15404
28743
32417
17290
25553
48263
52584
62853
45635
9913
64729
12589
51705
37122
52985
8444
5072
30766
20478
7032
15171
37370
61445
51843
33590
60495
22255
9053
25629
44780
40860
64459
13045
24728
53873
30155
65435
62812
5000
55178
16449
6763
53426
57590
18966
30912
27417
16351
33809
44852
4632
24354
58176
57907
19722
45333
49022
10374
41529
33221
50981
11258
52986
54973
38756
51343
41245
28670
51378
44886
2604
27981
35502
22858
57883
48082
58292
21814
48776
22186
28092
65349
38644
43427
53122
27817
51746
25707
64698
7920
46847
42437
30375
25667
2227
16037
50676
453
13184
35903
23369
26045
25545
64146
1127
36540
21386
5895
31535
40337
31133
26729
548
38864
49919
16208
63884
51794
17878
56369
16708
62630
63890
40628
45062
35333
42155
14702
63877
57474
40915
58708
52115
48574
24089
21992
28615
55326
33205
19009
50466
17973
42039
23539
19466
33303
28438
29621
22839
20024
38097
45298
22943
765
9266
46327
40157
20995
23501
2310
3243
31810
62730
43008
61861
5384
2326
48403
48953
23438
32809
6436
25999
49566
2558
11417
55144
36402
7769
62303
65298
32923
31577
61706
61311
41671
7713
23574
37025
61672
14025
60562
43000
24886
6955
30035
62053
2422
37618
51844
703
26531
60135
19933
60427
6717
19351
23520
1592
59660
43276
24245
43988
54038
60363
22169
60884
49302
26563
38347
25424
29093
25033
25245
23874
43719
59563
22013
34163
31146
6419
3014
57978
39990
36091
1209
11494
42334
5344
9257
37440
56171
23658
46535
25792
3516
2579
24179
45526
47610
39858
17942
26904
58584
25903
27726
12273
34584
60612
48801
30739
32434
32266
47347
9784
39971
23573
10417
30552
53002
63532
60521
48093
12782
3973
5405
34068
62782
29735
49172
35083
968
34013
63567
34564
59695
17228
20886
2630
41861
28374
9509
60694
57001
50319
3366
51707
51208
18728
41215
10407
32487
28283
31964
42440
52754
44318
17296
52336
43531
20353
50834
64594
6490
18848
38199
58530
3265
64285
26212
40873
554
8888
42757
55749
30813
28542
49132
8067
33289
26111
44976
7253
38429
31922
29873
24038
57393
45693
37141
59968
16501
39832
2701
26608
13519
11230
35339
47793
34684
61441
20697
15341
47201
4634
16550
16330
10216
26312
8116
31964
31380
57308
309
31047
1587
32219
32964
4878
19077
9036
34452
1576
4557
18781
3363
24728
20562
24090
57493
48839
52862
46710
20595
65440
5702
15066
5542
42011
42078
57721
19783
63457
34335
20236
60662
23538
248
37464
54087
63447
44332
29300
59063
50538
18058
38832
13280
25971
61526
28052
51263
44033
32890
50645
1610
2387
46904
25183
18992
17125
54882
54440
6195
44749
31723
56196
26340
56705
49501
13348
23678
21085
39720
57331
32701
19799
6507
13535
42420
24366
14043
49504
4132
26789
11036
36614
15926
3040
64347
40436
60748
32883
10197
26486
64579
7617
40393
46719
8712
63491
27999
28676
17511
14606
30816
52152
20044
49841
21399
42269
35040
27649
49075
44672
4643
18642
26984
30782
14602
53692
27164
4132
29746
5916
19566
60423
49133
335
2265
26895
25626
51089
37091
17356
9588
31859
32932
32124
28995
50714
33214
28156
8683
30906
50622
41217
36591
60969
56093
15802
63426
11576
32175
23309
18077
33318
863
56698
13252
17922
44878
30656
2576
43133
45466
41360
34872
15869
30640
57758
28301
28029
25151
34538
21394
9927
4398
55825
64294
17525
29975
